-----------------------------------------------
Data save at 2020-07-16 14:11:37 +0200
-----------------------------------------------
BTC : 9112.03
ETH : 233.09
USDT : 1.0
XRP : 0.191334
BCH : 222.74
ADA : 0.125464
BSV : 173.39
LINK : 8.26
LTC : 41.98
BNB : 16.96
CRO : 0.141832
EOS : 2.48
XTZ : 3.07
XLM : 0.09257
XMR : 69.08
LEO : 1.17
TRX : 0.017024
USDC : 1.0
VET : 0.018176
HT : 4.18
NEO : 10.6
ATOM : 3.84
ETC : 6.02
DASH : 69.17
MIOTA : 0.234952
ZEC : 58.48
ONT : 0.68727
MKR : 450.94
XEM : 0.044275
COMP : 154.92
HEDG : 1.36
DOGE : 0.002985
BAT : 0.247458
LEND : 0.248671
OKB : 5.08
KNC : 1.57
FTT : 2.97
ZRX : 0.381699
DGB : 0.019494
SNX : 2.93
PAX : 1.0
ERD : 0.016357
QTUM : 2.22
ALGO : 0.278552
REP : 19.16
OMG : 1.48
ICX : 0.376268
DAI : 1.01
THETA : 0.227198
HYN : 0.621052
TMTG : 0.049876
ZIL : 0.018093
HBAR : 0.038826
DCR : 15.23
BUSD : 1.0
BTG : 9.37
BCD : 0.836881
WAVES : 1.52
LSK : 1.17
ENJ : 0.174876
TUSD : 1.0
SC : 0.003294
REN : 0.155156
LRC : 0.116551
NANO : 0.970441
RVN : 0.019258
DIVI : 0.067986
FXC : 0.004189
HUSD : 1.0
HOT : 0.000675
MONA : 1.66
BTM : 0.096447
NEXO : 0.185688
DX : 0.002071
CKB : 0.005147
ZB : 0.218002
BNT : 1.46
AOA : 0.015128
AMPL : 1.73
XVG : 0.005891
RLC : 1.18
CEL : 0.375302
LUNA : 0.229503
QNT : 7.25
SNT : 0.025048
IOST : 0.005775
CHSB : 0.119271
BTT : 0.000376
MATIC : 0.021057
KMD : 0.643409
STX : 0.139166
STEEM : 0.198501
ZEN : 7.19
WAXP : 0.0544
KAVA : 1.93
MCO : 4.0
BTS : 0.022934
HIVE : 0.207902
KCS : 0.769281
RSR : 0.009018
ABBC : 0.110255
NRG : 1.98
DGTX : 0.066606
UBT : 0.384849
ETN : 0.005558
HC : 1.26
CHZ : 0.011977
ARDR : 0.055504
VSYS : 0.026515
XZC : 5.12
MANA : 0.038281
STRAT : 0.54063
SERO : 0.19503
NMR : 19.92
GNT : 0.053982
TOMO : 0.740909
BAND : 2.54
ELF : 0.093178
SXP : 0.737138
RIF : 0.077285
NPXS : 0.000204
AION : 0.105899
AE : 0.144505
MOF : 0.525344
ANT : 1.38
PAXG : 1807.74
NIM : 0.007001
NULS : 0.440194
SOLVE : 0.126475
DATA : 0.062227
WICC : 0.218499
MAID : 0.089237
CVT : 0.037846
DAD : 0.326773
ARK : 0.315894
ORBS : 0.017531
OCEAN : 0.109621
POWR : 0.089646
FET : 0.049468
EURS : 1.13
ONE : 0.005773
GT : 0.505702
ELA : 1.9
RDD : 0.001198
ANKR : 0.006278
UTK : 0.071433
GXC : 0.494454
STORJ : 0.164647
TFUEL : 0.008266
REQ : 0.040351
RCN : 0.059107
XSR : 0.027098
IOTX : 0.006183
HPT : 0.005846
TT : 0.005323
GNO : 26.22
CRPT : 0.289531
DRGN : 0.083278
WTC : 0.399679
CTXC : 0.109639
BHT : 0.136837
FSN : 0.582845
WAN : 0.212241
SEELE : 0.037452
IRIS : 0.034479
WXT : 0.009835
PAI : 0.016894
TRUE : 0.309204
XNS : 0.611509
XHV : 1.87
XDCE : 0.003577
PIVX : 0.426154
BEAM : 0.355903
NAS : 0.453654
FUN : 0.003491
WIN : 7.2e-05
OGN : 0.28829
MX : 0.123342
TSHP : 0.004521
KSM : 7.39
FX : 0.096217
PNK : 0.044619
MTL : 0.319162
MXC : 0.008391
FTM : 0.009998
POLY : 0.039766
BOA : 0.072239
WRX : 0.132265
IPX : 0.076175
GRIN : 0.430894
LOOM : 0.019721
SYS : 0.031822
NEX : 0.783121
KAN : 0.002873
CVC : 0.027206
ENG : 0.241792
IGNIS : 0.023043
PPT : 0.326268
GAS : 1.68
DENT : 0.000204
